
































































































































































































































































































































































































































































































































































































































































































































































































































































































































































 58
 63
 62 57
 55
 52
 58
 58
 54
 48
 48
 50
 47
 51
 48 46
 48
 51
 62
 62
 52
 52
 53
 18
 57
 56
 52
 54
 54
 50
 56
 56 48
 45
 46
 56
 56
 56
 59
 56
 57
 55
 55
 57
 56
 57 57
 50
 52
 56
 55
 54
 52
 55
 57
 58
 57
 58
 56
 56
 56 52
 53
 57
 60
 62
 54
 54
 56
 55
 57
 55
 55
 18
 51
 51
 60
 60
 59
 64
 66
 66
 65 65
 61
 64
 65
 56
 57
 55
 53
 53
 55
 58
 58
 50
 46
 46
 53
 53
 54
 58
 58
 59 58
 65
 68
 70
 60
 61
 60
 59
 56
 56
 49











































































































































































































































































































 69
 70
 70
 75
 75
 77
 75 74
 83
 87
 85
 85
 86
 88
 86
 85
 91
 89
 81
 79
 82
 83
 83
 83
 83
 83
 16
 65
 62
 67
 69
 68
 64
 63
 79
 77
 79
 71
 72
 69
 70
 70
 72
 69
 70
 77
 77
 76
 76
 73
 67
 68 68
 70
 69
 71
 73
 73
 71
 69
 69
 69







































 65




